01000000000000Alabama                                                         3                              01                510846820         1.0000                                                     00 226085
01100100100000Autauga                                                         3Autauga                       01001               6034220         0.8403                                                     04 100001
01100200200000Baldwin                                                         3Baldwin                       01003              25350720         1.0000                                                     04 160514
01100400400000Bibb                                                            3Bibb                          01007               2186820         0.2976                                                     04 183723
01100500500000Blount                                                          3Blount                        01009               5981620         0.9091                                                     04 160515
01100800800000Calhoun                                                         3Calhoun                       01015              11642920         1.0000                                                     04 122485
01100900900000Chambers                                                        3Chambers                      01017               3407920         0.4785                                                     04 160516
01101001000000Cherokee                                                        3Cherokee                      01019               2566620         1.0000                                                     04 122486
01101101100000Chilton                                                         3Chilton                       01021               4643120         0.7407                                                     04 100004
01101201200000Choctaw                                                         3Choctaw                       01023               1225220         0.3460                                                     04 122487
01101301300000Clarke                                                          3Clarke                        01025               2233720         0.4587                                                     04 122488
01101601600000Coffee                                                          3Coffee                        01031               5564320         1.0000                                                     04 160518
01101701700000Colbert                                                         3Colbert                       01033               5836120         0.9901                                                     04 211968
01101801800000Conecuh                                                         3Conecuh                       01035               1117420         0.4292                                                     04 100005
01102002000000Covington                                                       3Covington                     01039               3795220         0.7576                                                     04 160519
01102202200000Cullman                                                         3Cullman                       01043               9201620         1.0000                                                     04 122490
01102502500000De Kalb                                                         3Dekalb                        01049               7256920         1.0000                                                     04 207499
01102602600000Elmore                                                          3Elmore                        01051               9044120         1.0000                                                     04 160522
01102702700000Escambia                                                        3Escambia                      01053               3655820         0.8264                                                     04 160523
01102802800000Etowah                                                          3Etowah                        01055              10324120         1.0000                                                     04 122491
01103003000000Franklin                                                        3Franklin                      01059               3180220         0.9009                                                     04 193049
01103103100000Geneva                                                          3Geneva                        01061               2698820         0.4149                                                     04 183670
01103403400000Henry                                                           3Henry                         01067               1789920         0.2451                                                     04 160526
01103503500000Houston                                                         3Houston                       01069              10846220         1.0000                                                     04 122492
01103603600000Jackson                                                         3Jackson                       01071               5346720         0.9346                                                     04 100010
